# Distance Total Backbone Aliphatic Charged 
0.01587	0.0	0.0	0.0	0.0
0.03302	0.0	0.0	0.0	0.0
0.05192	0.0	0.0	0.0	0.0
0.0714	0.0	0.0	0.0	0.0
0.0911	0.0	0.0	0.0	0.0
0.1109	0.0	0.0	0.0	0.0
0.13076	0.0	0.0	0.0	0.0
0.15066	0.0	0.0	0.0	0.0
0.17059	0.0	0.0	0.0	0.0
0.19052	0.0	0.0	0.0	0.0
0.21048	0.0	0.0	0.0	0.0
0.23043	0.0	0.0	0.0	0.0
0.2504	0.0	0.0	0.0	0.0
0.27037	0.0	0.0	0.0	0.0
0.29034	0.0	0.0	0.0	0.0
0.31032	0.0	0.0	0.0	0.0
0.3303	0.0	0.0	0.0	0.0
0.35029	0.0	0.0	0.0	0.0
0.37027	0.0	0.0	0.0	0.0
0.39026	0.0	0.0	0.0	0.0
0.41024	0.0	0.0	0.0	0.0
0.43023	0.0	0.0	0.0	0.0
0.45022	0.0	0.0	0.0	0.0
0.47021	0.0	0.0	0.0	0.0
0.4902	0.0	0.0	0.0	0.0
0.5102	0.0	0.0	0.0	0.0
0.53019	0.0	0.0	0.0	0.0
0.55018	0.0	0.0	0.0	0.0
0.57018	0.0	0.0	0.0	0.0
0.59017	0.0	0.0	0.0	0.0
0.61016	0.0	0.0	0.0	0.0
0.63016	0.0	0.0	0.0	0.0
0.65015	0.0	0.0	0.0	0.0
0.67015	0.0	0.0	0.0	0.0
0.69014	0.0	0.0	0.0	0.0
0.71014	0.0	0.0	0.0	0.0
0.73014	0.0	0.0	0.0	0.0
0.75013	0.0	0.0	0.0	0.0
0.77013	0.0	0.0	0.0	0.0
0.79013	0.0	0.0	0.0	0.0
0.81012	0.0	0.0	0.0	0.0
0.83012	0.0	0.0	0.0	0.0
0.85012	0.0	0.0	0.0	0.0
0.87011	0.0	0.0	0.0	0.0
0.89011	0.0	0.0	0.0	0.0
0.91011	0.0	0.0	0.0	0.0
0.93011	0.0	0.0	0.0	0.0
0.95011	0.0	0.0	0.0	0.0
0.9701	0.0	0.0	0.0	0.0
0.9901	0.0	0.0	0.0	0.0
1.0101	0.0	0.0	0.0	0.0
1.0301	0.0	0.0	0.0	0.0
1.0501	0.0	0.0	0.0	0.0
1.07009	0.0	0.0	0.0	0.0
1.09009	0.0	0.0	0.0	0.0
1.11009	0.0	0.0	0.0	0.0
1.13009	0.0	0.0	0.0	0.0
1.15009	0.0	0.0	0.0	0.0
1.17009	0.0	0.0	0.0	0.0
1.19008	0.0	0.0	0.0	0.0
1.21008	0.0	0.0	0.0	0.0
1.23008	0.0	0.0	0.0	0.0
1.25008	0.0	0.0	0.0	0.0
1.27008	0.0	0.0	0.0	0.0
1.29008	0.0	0.0	0.0	0.0
1.31008	0.0	0.0	0.0	0.0
1.33008	0.0	0.0	0.0	0.0
1.35007	0.0	0.0	0.0	0.0
1.37007	0.0	0.0	0.0	0.0
1.39007	0.0	0.0	0.0	0.0
1.41007	0.0	0.0	0.0	0.0
1.43007	0.0	0.0	0.0	0.0
1.45007	0.0	0.0	0.0	0.0
1.47007	0.0	0.0	0.0	0.0
1.49007	0.04802	0.0	0.0	0.04802
1.51007	0.0	0.0	0.0	0.0
1.53007	0.04874	0.0	0.0	0.04874
1.55006	0.05103	0.0	0.0	0.05103
1.57006	0.2984	0.0	0.0	0.24866
1.59006	0.13665	0.0	0.0	0.13665
1.61006	0.54154	0.0	0.0	0.45128
1.63006	0.26345	0.0	0.0	0.17563
1.65006	0.53612	0.0	0.0	0.48738
1.67006	0.72205	0.0	0.0	0.63179
1.69006	1.35529	0.0	0.20852	0.99041
1.71006	1.1963	0.0	0.04431	0.75323
1.73006	1.74585	0.0	0.0	1.06692
1.75006	1.59041	0.0	0.0513	1.17998
1.77006	1.39942	0.0	0.0	0.82035
1.79006	0.96511	0.0	0.04826	0.57907
1.81006	1.59145	0.0	0.04973	0.7459900000000002
1.83005	1.47532	0.0	0.15807	0.6322800000000001
1.85005	1.44225	0.04973	0.0	0.7957200000000002
1.87005	0.99573	0.05241	0.05241	0.41926
1.89005	1.65214	0.05507	0.22028	0.44057
1.91005	1.20685	0.09284	0.13926	0.46418000000000004
1.93005	1.49199	0.04973	0.19892	0.44759
1.95005	0.66	0.05077	0.10154	0.15231
1.97005	1.20639	0.2413	0.09652	0.3860699999999999
1.99005	1.16043	0.34812000000000004	0.23208	0.2901
2.01005	1.12473	0.37492000000000003	0.0	0.10712
2.03005	1.44608	0.21424	0.26780000000000004	0.42846999999999996
2.05005	1.40688	0.201	0.35175000000000006	0.40199000000000007
2.07005	1.67538	0.35539	0.35539	0.45692999999999995
2.09005	1.59041	0.46171000000000006	0.15389999999999998	0.1026
2.11005	1.64119	0.39785	0.34811000000000003	0.39784
2.13005	2.26929	0.67044	0.56729	0.5673
2.15005	1.89409	0.46198000000000006	0.55438	0.23099999999999998
2.17005	2.39005	0.56235	0.46862000000000004	0.51547
2.19005	2.20108	0.9433299999999999	0.31446	0.47167000000000003
2.21005	1.8567	0.32494000000000006	0.27852000000000005	0.32494000000000006
2.23004	1.73902	0.41186	0.32033000000000006	0.13729
2.25004	2.43691	0.6646	0.05538	0.44303999999999993
2.27004	2.55296	0.69624	0.5802	0.5221800000000001
2.29004	1.89823	0.25651	0.2052	0.3078
2.31004	2.198	0.43002999999999997	0.62116	0.28669
2.33004	2.11457	0.361	0.36099	0.30942
2.35004	3.15691	0.7753399999999999	0.7753299999999999	0.44305999999999995
2.37004	2.23623	0.34404	0.8027599999999998	0.22936
2.39004	2.25349	0.52408	0.31446	0.5240900000000001
2.41004	1.7723	0.26063	0.46917000000000003	0.10426
2.43004	2.41071	0.5240900000000001	0.57649	0.31445
2.45004	1.93023	0.38607	0.38608	0.24129
2.47004	2.85428	0.37695	0.37696	0.59237
2.49004	2.39864	0.4592800000000001	0.35721	0.15309
2.51004	1.84955	0.44989999999999997	0.39992	0.29994
2.53004	1.82153	0.29538000000000003	0.5415300000000001	0.24615
2.55004	2.2761	0.49480000000000013	0.3958400000000001	0.34636000000000006
2.57004	1.75633	0.39519	0.4391	0.26345999999999997
2.59004	2.85428	0.37696999999999997	0.9154799999999998	0.26925
2.61004	1.81238	0.53879	0.39185000000000003	0.2939
2.63004	2.13572	0.21904	0.49284000000000017	0.43808
2.65004	2.34135	0.2389	0.8123000000000001	0.38225
2.67004	1.85151	0.27229000000000003	0.59905	0.10892
2.69004	1.89219	0.34404	0.22936	0.17202
2.71004	1.00491	0.15075	0.25125000000000003	0.30150000000000005
2.73004	1.76743	0.21424	0.10712	0.48203999999999997
2.75004	1.52615	0.24615	0.4923	0.19692
2.77004	1.4365	0.15389999999999998	0.46171000000000006	0.20521
2.79004	1.53177	0.09284	0.41774999999999995	0.23210000000000003
2.81004	1.62461	0.36686	0.20964	0.26204
2.83004	1.74432	0.3078	0.41041	0.3078
2.85003	1.37153	0.09796	0.29388000000000003	0.2449
2.87003	1.23983	0.171	0.42751000000000006	0.0855
2.89003	1.05697	0.35232	0.2936	0.17616
2.91003	1.18753	0.19792	0.2474	0.2474
2.93003	1.13805	0.09896	0.19792	0.09896
2.95003	1.50363	0.1037	0.3111	0.15555
2.97003	1.43348	0.22936	0.22936	0.22936
2.99003	1.40799	0.16244999999999998	0.32491	0.2166
3.01003	0.99976	0.19996	0.4499099999999999	0.09998
3.03003	0.84762	0.05298	0.15894	0.15894
3.05003	0.97476	0.04642	0.23209000000000002	0.27852000000000005
3.07003	1.08307	0.09026	0.18052	0.13539
3.09003	1.1963	0.13293	0.22155000000000002	0.26586000000000004
3.11003	1.35663	0.15075	0.4020000000000001	0.201
3.13003	0.59215	0.0911	0.13665	0.0911
3.15003	1.099	0.09556	0.19112	0.19112
3.17003	0.86009	0.0	0.09556	0.19112
3.19003	1.12141	0.08626	0.30191	0.17252
3.21003	0.57059	0.0951	0.0951	0.0
3.23003	1.21214	0.10102	0.20204	0.05051
3.25003	0.91863	0.20412	0.20412	0.15309
3.27003	0.84304	0.05269	0.15807	0.21076
3.29003	1.15243	0.19208	0.4802	0.19208
3.31003	0.90344	0.04755	0.1902	0.23775000000000002
3.33003	0.87292	0.097	0.097	0.194
3.35003	1.08944	0.11468	0.11468	0.22936
3.37003	0.8586	0.15152	0.30305	0.15153
3.39003	0.8817	0.04898	0.19592	0.19592
3.41003	1.02323	0.1077	0.2154	0.16155
3.43003	0.38797	0.0485	0.14550000000000002	0.0
3.45003	0.81608	0.09068	0.22669999999999998	0.09068
3.47003	0.74221	0.0	0.14844000000000002	0.2474
3.49003	0.61514	0.0	0.09464	0.14196
3.51003	0.8686	0.14478	0.09652	0.14478
3.53003	0.53081	0.0	0.14478	0.14478
3.55003	1.099	0.09556	0.33446	0.09556
3.57003	0.59377	0.14844000000000002	0.19792	0.09896
3.59003	0.64984	0.08664	0.12996	0.08664
3.61003	0.69296	0.0924	0.1848	0.1386
3.63003	0.82375	0.04576	0.2288	0.13728
3.65003	0.88615	0.09328	0.23320000000000002	0.09328
3.67003	0.90911	0.15153	0.25255	0.20204
3.69003	0.93329	0.15555	0.15555	0.3111
3.71003	0.54428	0.04948	0.09896	0.04948
3.73003	0.78165	0.09196	0.27588	0.18392
3.75003	0.96557	0.13794	0.13794	0.18392
3.77003	0.99854	0.0	0.0951	0.2853
3.79003	1.09364	0.04755	0.4754999999999999	0.0951
3.81003	0.54405	0.04534	0.22669999999999998	0.04534
3.83003	0.90787	0.09556	0.14334000000000002	0.28668
3.85003	0.96343	0.05667	0.17001	0.28335
3.87003	0.75759	0.05051	0.25254	0.05051
3.89003	0.8902	0.08902	0.04451	0.13353
3.91003	0.56236	0.0	0.14057999999999998	0.14059
3.93003	0.58666	0.09026	0.22565000000000002	0.09026
3.95003	0.79035	0.04391	0.21955	0.17564
3.97003	1.14678	0.10426	0.15639	0.31278
3.99003	0.46639	0.09328	0.04664	0.09328
4.01003	0.80485	0.17884	0.04471	0.13413
4.03002	1.06041	0.20394	0.20395	0.12237
4.05002	0.81684	0.0	0.16338	0.21784
4.07002	0.72048	0.12714	0.2119	0.16952
4.09002	1.00655	0.10596	0.31788000000000005	0.2649
4.11002	1.17159	0.14057999999999998	0.09372	0.23430999999999996
4.13002	0.78769	0.24615	0.14769000000000002	0.14769000000000002
4.15002	0.69626	0.04352	0.26112	0.13056
4.17002	0.99854	0.23775000000000002	0.14265	0.1902
4.19002	1.0538	0.17564	0.08782	0.04391
4.21002	0.87361	0.09196	0.18392	0.13794
4.23002	0.85348	0.0	0.17968	0.22460000000000002
4.25002	1.42381	0.21904	0.27380000000000004	0.27380000000000004
4.27002	1.04439	0.17407	0.17408	0.26111
4.29002	1.18753	0.0	0.04948	0.2474
4.31002	1.08772	0.16736	0.16736	0.29288
4.33002	1.02118	0.27851000000000004	0.32493000000000005	0.09284
4.35002	0.96992	0.097	0.14549	0.097
4.37002	1.37076	0.10154	0.35539	0.30462
4.39002	0.37491	0.04686	0.04686	0.04686
4.41002	0.95655	0.0911	0.31884999999999997	0.13665
4.43002	1.46739	0.20964	0.41928000000000004	0.31445
4.45002	1.53104	0.30618	0.20412	0.35722000000000004
4.47002	1.13016	0.09418	0.0	0.32963000000000003
4.49002	1.27539	0.13665	0.31884999999999997	0.22775
4.51002	1.30871	0.22565000000000002	0.36104	0.18052
4.53002	1.30871	0.13539	0.22565000000000002	0.22565000000000002
4.55002	1.55596	0.13728	0.4118400000000001	0.32033
4.57002	0.88615	0.1688	0.1688	0.1688
4.59002	1.19547	0.09196	0.32186000000000003	0.32186000000000003
4.61002	1.41867	0.09152	0.32033	0.32032000000000005
4.63002	1.05753	0.18392	0.27588	0.2299
4.65002	0.79148	0.08332	0.29162	0.12498000000000001
4.67002	0.96636	0.16807	0.29413	0.04202
4.69002	1.25199	0.26826	0.13413	0.40241000000000005
4.71002	1.14119	0.33285000000000003	0.1902	0.2853
4.73002	1.01446	0.04411	0.08822	0.26464
4.75002	1.08811	0.18136	0.18136	0.18136
4.77002	0.65807	0.08226	0.16452	0.16452
4.79002	1.40638	0.0485	0.2425	0.097
4.81002	1.40591	0.14059	0.18745	0.23430999999999996
4.83002	1.24627	0.22255	0.13353	0.22255
4.85002	1.21846	0.13539	0.31591	0.04513
4.87002	1.33972	0.1386	0.41580000000000006	0.0462
4.89002	0.96511	0.04826	0.14478	0.14478
4.91002	1.29671	0.13413	0.31296999999999997	0.22355
4.93002	1.86136	0.14694000000000002	0.34287	0.5387800000000001
4.95002	1.13874	0.13665	0.2733	0.22775
4.97002	1.04296	0.08023	0.28077	0.08022
4.99002	1.22984	0.13665	0.45549999999999996	0.13665
5.01002	1.82768	0.09372	0.28117000000000003	0.37489
5.03002	1.21846	0.04352	0.21760000000000002	0.08704
5.05002	1.19138	0.16244999999999998	0.16244999999999998	0.27076
5.07002	1.26965	0.12288000000000002	0.36863	0.24576
5.09002	1.32492	0.14196	0.2366	0.14196
5.11002	1.80303	0.28171999999999997	0.50708	0.3944
5.13002	1.20839	0.20140000000000002	0.36252	0.12084
5.15002	1.24145	0.13794	0.13794	0.13794
5.17002	1.53435	0.13539	0.31591	0.22565000000000002
5.19002	1.14678	0.09556	0.2389	0.28669
5.21002	0.94089	0.11291999999999999	0.26348	0.11291999999999999
5.23002	1.5722	0.07862	0.39310000000000006	0.31448000000000004
5.25002	1.41084	0.04275	0.2565	0.12825
5.27002	1.09833	0.18304	0.13728	0.32032000000000005
5.29002	1.03794	0.22565000000000002	0.27078	0.18052
5.31002	1.3445	0.25211	0.29413	0.2101
5.33002	1.15853	0.0799	0.19974999999999998	0.19974999999999998
5.35002	0.72541	0.09068	0.13602	0.04534
5.37002	1.2029	0.20740000000000003	0.29036	0.20740000000000003
5.39002	1.46215	0.22155000000000002	0.22155000000000002	0.3987900000000001
5.41002	1.60884	0.28392	0.37856	0.18928
5.43002	1.03975	0.08664	0.12996	0.30326
5.45002	1.1012	0.08158	0.20394	0.12237
5.47002	0.90868	0.12390000000000001	0.20650000000000002	0.16521000000000002
5.49002	1.06882	0.171	0.21375000000000002	0.12825
5.51002	1.61668	0.0951	0.2853	0.33285
5.53002	1.20045	0.09604	0.19208	0.2401
5.55002	1.27698	0.08513	0.29797999999999997	0.17026999999999998
5.57002	1.26047	0.16807	0.2101	0.25212
5.59002	1.18774	0.08192	0.28671	0.20478000000000002
5.61002	0.57863	0.0	0.04451	0.04451
5.63002	1.42333	0.12939	0.4313	0.08626
5.65002	1.41706	0.08588	0.30057999999999996	0.2147
5.67002	1.11647	0.04294	0.17176	0.17176
5.69002	1.16256	0.22357	0.26827	0.13413
5.71002	1.17139	0.08368	0.16736	0.33471
5.73002	1.36014	0.09068	0.2267	0.27204
5.75002	0.71036	0.03946	0.1973	0.23676
5.77002	1.235	0.04411	0.17644	0.13233
5.79002	1.39252	0.17408	0.21760000000000002	0.30464
5.81002	0.8123	0.04062	0.2031	0.16248
5.83002	1.41784	0.22154000000000001	0.22154	0.17724
5.85002	1.3403	0.08124	0.20309	0.28432999999999997
5.87002	1.12473	0.04686	0.14057999999999998	0.28117
5.89002	1.37894	0.1902	0.23775000000000002	0.23775000000000002
5.91002	1.39807	0.23302999999999996	0.19419999999999998	0.34954999999999997
5.93002	1.3445	0.16808	0.2101	0.08404
5.95002	1.13985	0.03931	0.23585	0.23585
5.97002	0.96671	0.08056	0.08056	0.12084
5.99002	1.04026	0.03853	0.15412	0.11559
6.01002	1.2497	0.2083	0.24996000000000002	0.2083
6.03002	1.05039	0.08404	0.16808	0.25212
6.05002	0.76955	0.0855	0.0	0.0855
6.07002	1.32714	0.18304	0.27456	0.13728
6.09002	1.21304	0.17328	0.2166	0.2166
6.11002	1.04855	0.03884	0.15536	0.19419999999999998
6.13002	0.90576	0.0	0.21565	0.12939
6.15002	1.07846	0.20740000000000003	0.37332000000000004	0.08296
6.17002	1.35923	0.15536	0.3107	0.23303999999999997
6.19002	1.23562	0.2288	0.09152	0.09152
6.21002	1.06254	0.0462	0.13859	0.27719
6.23002	1.16506	0.07768	0.19419999999999998	0.23302
6.25002	0.92643	0.08056	0.20140000000000002	0.08056
6.27002	1.37467	0.08332	0.33327000000000007	0.16663
6.29002	1.11292	0.07676	0.30704	0.07676
6.31002	0.80893	0.04045	0.20224999999999999	0.16179
6.33002	1.27539	0.0911	0.1822	0.0
6.35002	0.85649	0.08158	0.16316	0.12237
6.37002	1.06986	0.15848	0.11886000000000001	0.15848
6.39002	0.85649	0.08158	0.04079	0.16316
6.41002	0.68706	0.04294	0.08588	0.17176
6.43002	0.97884	0.04079	0.24472999999999998	0.3671
6.45002	0.61435	0.04096	0.08192	0.16384
6.47002	0.86738	0.0413	0.20651000000000003	0.0826
6.49002	0.94471	0.12882	0.25764	0.12882
6.51002	1.12622	0.07768	0.19419999999999998	0.11652
6.53001	1.17265	0.1466	0.10995	0.29319
6.55001	1.46	0.08588	0.2147	0.25764
6.57001	1.28156	0.11652	0.23303999999999997	0.19418999999999997
6.59001	1.14678	0.08192	0.12288000000000002	0.12288000000000002
6.61002	1.04855	0.11652	0.15536	0.27187999999999996
6.63001	0.69078	0.03838	0.11513999999999999	0.11513999999999999
6.65001	1.08307	0.18675	0.26144	0.03735
6.67001	0.88233	0.21009	0.16808	0.25211
6.69001	0.84239	0.12032999999999999	0.20056000000000002	0.20056
6.71001	1.02607	0.19732	0.1973	0.07892
6.73001	1.02607	0.0733	0.29320000000000007	0.1466
6.75001	1.77644	0.1822	0.2733	0.22775
6.77001	1.16222	0.14996	0.26243	0.11247000000000001
6.79001	1.12473	0.08332	0.24996000000000002	0.20829
6.81001	1.58593	0.1934	0.42547999999999997	0.07736
6.83001	1.20956	0.07116	0.10674	0.21348
6.85001	0.89678	0.11696999999999999	0.07798	0.19494999999999998
6.87001	0.82164	0.11205000000000001	0.29879	0.18675
6.89001	0.63248	0.0372	0.33482	0.0744
6.91001	0.94089	0.22583000000000003	0.07528	0.30110000000000003
6.93001	1.16972	0.19494999999999998	0.15596	0.27293
6.95001	1.20839	0.04028	0.08056	0.20140000000000002
6.97001	0.96	0.03692	0.25844	0.29536
6.99001	1.04727	0.08056	0.20140000000000002	0.16112
7.01001	0.87775	0.0462	0.18478999999999998	0.1386
7.03001	0.99	0.15231	0.03808	0.22847
7.05001	1.45329	0.10635	0.1418	0.42539
7.07001	0.93727	0.07498	0.07498	0.29992
7.09001	1.136	0.18325000000000002	0.21989000000000003	0.3664800000000001
7.11001	1.45178	0.16592	0.4562800000000001	0.29036000000000006
7.13001	1.36014	0.11334	0.26446	0.15112
7.15001	0.99976	0.07142	0.21425999999999998	0.21425999999999998
7.17001	0.77538	0.03692	0.11076	0.11076
7.19001	0.96273	0.08022	0.24067	0.16044
7.21001	1.37658	0.186	0.2604	0.26042
7.23001	0.86124	0.03915	0.03915	0.35234
7.25001	0.94454	0.15112	0.26446000000000003	0.11334
7.27001	1.4192	0.26143	0.11205000000000001	0.29878
7.29001	1.28457	0.1889	0.11334	0.37779999999999997
7.31001	0.91165	0.24543	0.14024	0.1753
7.33001	1.40366	0.11696999999999999	0.31192	0.31192
7.35001	0.78429	0.03735	0.1494	0.11205000000000001
7.37001	0.8825	0.04011	0.20056	0.20055
7.39001	1.27838	0.19974999999999998	0.19974999999999998	0.27964999999999995
7.41001	0.83212	0.03962	0.23773	0.07924
7.43001	0.99061	0.11886000000000001	0.07924	0.23773
7.45001	1.02607	0.03665	0.18324000000000001	0.3665000000000001
7.47001	0.72205	0.09846	0.19692000000000004	0.09846
7.49001	1.2477	0.19494999999999998	0.15596	0.35090999999999994
7.51001	0.80175	0.0844	0.25320000000000004	0.1688
7.53001	1.16506	0.15536	0.31071	0.27187999999999996
7.55001	0.92835	0.14282999999999998	0.24996999999999997	0.10711999999999999
7.57001	1.37614	0.22937000000000002	0.30583	0.19115
7.59001	0.97117	0.14388	0.28776	0.10791
7.61001	0.86229	0.03749	0.14996	0.22494
7.63001	1.10054	0.03931	0.15724	0.19654
7.65001	0.74982	0.11839	0.0	0.11838000000000001
7.67001	1.46017	0.1973	0.11839	0.43407999999999997
7.69001	1.10612	0.13828	0.38025	0.13828
7.71001	0.86646	0.10830000000000001	0.39710000000000006	0.0722
7.73001	0.75245	0.1026	0.20520000000000002	0.0342
7.75001	1.12042	0.1494	0.1494	0.1494
7.77001	0.94821	0.03793	0.15172	0.11379
7.79001	1.10769	0.08862	0.31016000000000005	0.17724
7.81001	0.87577	0.0	0.03808	0.22847
7.83001	0.87236	0.11379	0.15172	0.15172
7.85001	1.01841	0.25459000000000004	0.29096000000000005	0.10911
7.87001	0.84355	0.18744	0.09372	0.12496
7.89001	1.03777	0.14824	0.22236000000000003	0.14824
7.91001	1.0519	0.0	0.21037	0.21037000000000003
7.93001	0.97142	0.067	0.16749	0.134
7.95001	1.04855	0.23303999999999997	0.11652	0.23303999999999997
7.97001	1.19708	0.0342	0.2052	0.171
7.99001	0.97853	0.07528	0.1882	0.22584
8.01001	1.07894	0.1488	0.2232	0.2232
8.03001	0.97142	0.134	0.1675	0.067
8.05001	0.95179	0.06564	0.16410000000000002	0.13128
8.07001	1.09883	0.03545	0.1418	0.21270000000000003
8.09001	0.97839	0.07248	0.07248	0.32615
8.11001	1.20554	0.13776	0.24109	0.27552
8.13001	1.34564	0.19692000000000004	0.13128	0.2953800000000001
8.15001	1.21356	0.19573999999999997	0.19574999999999998	0.23489999999999997
8.17001	0.82959	0.03457	0.17284999999999998	0.10371
8.19001	1.14258	0.10713	0.14284	0.24996
8.21001	1.32597	0.14336	0.3225599999999999	0.17919999999999997
8.23001	0.94821	0.07586	0.11379	0.18964999999999999
8.25001	0.91384	0.03385	0.27077999999999997	0.20309999999999997
8.27001	1.19971	0.07498	0.22494	0.4873700000000001
8.29001	1.3445	0.25211	0.2101	0.08404
8.31001	1.0792	0.17405	0.20886000000000002	0.17405
8.33001	0.95879	0.12784	0.19175999999999999	0.19175999999999999
8.35001	1.17943	0.06938	0.17345	0.20814
8.37001	0.94215	0.07248	0.10871	0.07248
8.39001	1.04296	0.04011	0.28078	0.24067000000000002
8.41001	1.16738	0.08754	0.32099	0.26264
8.43001	1.24367	0.06722	0.30251000000000006	0.30251
8.45001	1.12203	0.10518	0.21036000000000002	0.1753
8.47001	0.81798	0.13633	0.1704	0.17041
8.49001	1.18967	0.15352	0.23027999999999998	0.3070299999999999
8.51001	1.07536	0.06938	0.17345	0.3469
8.53001	1.42466	0.22494000000000003	0.33741000000000004	0.26243
8.55001	1.38769	0.1354	0.23693999999999998	0.27079
8.57001	1.19438	0.07706	0.26971	0.15412
8.59001	0.84762	0.0652	0.0978	0.1304
8.61001	0.71674	0.07168	0.10751999999999999	0.03584
8.63001	1.05548	0.18624000000000002	0.24832000000000004	0.24832000000000004
8.65001	0.86204	0.06632	0.09948000000000001	0.13263
8.67001	1.20589	0.10049	0.26799	0.268
8.69001	1.08307	0.16924999999999998	0.20309999999999997	0.10155
8.71001	0.86415	0.10371	0.13828	0.17284
8.73001	1.14446	0.07892	0.15784	0.35514
8.75001	1.26106	0.13632	0.34082	0.10224
8.77001	1.24299	0.06542	0.2616800000000001	0.06542
8.79001	1.35563	0.12911	0.19368000000000002	0.38734999999999997
8.81001	1.34207	0.14128	0.21191999999999997	0.28256
8.83001	1.19708	0.0	0.20520000000000002	0.2736
8.85001	1.1565	0.1652	0.29737	0.13216
8.87001	1.10612	0.20739999999999997	0.20739999999999997	0.34568999999999994
8.89001	1.39252	0.13264	0.13263	0.26528
8.91001	1.09065	0.20449	0.27266	0.10224
8.93001	1.16671	0.03764	0.22584	0.1882
8.95001	1.01063	0.19559999999999997	0.0978	0.35860000000000003
8.97001	0.8123	0.06498	0.22742999999999997	0.22742999999999997
8.99001	0.86498	0.09981000000000001	0.06654	0.16635
9.01001	0.83643	0.06434	0.09650999999999998	0.09650999999999998
9.03001	1.00947	0.0	0.03155	0.31548000000000004
9.05001	0.67558	0.12868	0.25736	0.12868
9.07001	1.18954	0.1652	0.29737	0.19824000000000003
9.09001	0.78117	0.06792	0.13584	0.16981
9.11001	1.01538	0.06769	0.16924999999999998	0.0677
9.13001	0.93866	0.0361	0.10830000000000001	0.2166
9.15001	0.9252	0.09912	0.13216	0.33042999999999995
9.17001	1.0871	0.14496	0.21744	0.18119
9.19001	1.00621	0.09433	0.28297000000000005	0.03144
9.21001	1.41604	0.16465000000000002	0.19758000000000003	0.2963700000000001
9.23001	1.17525	0.03457	0.24198999999999996	0.24198999999999996
9.25001	0.63503	0.0	0.127	0.09525
9.27001	1.06097	0.13263	0.26526	0.23212
9.29001	1.18342	0.12456	0.24913000000000002	0.21799000000000002
9.31001	0.51987	0.0	0.03249	0.12996
9.33001	1.12597	0.09650999999999998	0.22519	0.25736
9.35001	0.85026	0.06074	0.12148	0.27332
9.37001	0.96478	0.06654	0.0	0.23288999999999999
9.39001	0.88306	0.03396	0.06792	0.23773
9.41001	1.07944	0.03271	0.09813000000000001	0.22897000000000006
9.43001	1.26015	0.14824	0.14824	0.11118
9.45001	1.27143	0.0	0.28256	0.21191999999999997
9.47001	0.88281	0.07357	0.14713	0.25746
9.49001	0.91589	0.06542	0.19626000000000005	0.09813000000000001
9.51001	1.09624	0.20740999999999998	0.26667	0.17778
9.53001	0.99074	0.09588	0.22371999999999997	0.1598
9.55001	1.26074	0.123	0.1845	0.39975
9.57001	0.99187	0.1026	0.2736	0.1368
9.59001	0.85828	0.0613	0.1226	0.15326
9.61001	0.94441	0.06746	0.16865000000000002	0.16865000000000002
9.63001	1.23883	0.16299999999999998	0.2608	0.0326
9.65001	0.82959	0.06914	0.13827	0.13828
9.67001	1.13265	0.17161	0.13729000000000002	0.4118500000000001
9.69001	1.41084	0.1603	0.16031	0.22443000000000002
9.71001	1.15842	0.14126	0.19777	0.28251
9.73001	0.75956	0.1266	0.15825	0.15825
9.75001	0.86646	0.03094	0.1547	0.06188
9.77001	1.33389	0.171	0.3078	0.171
9.79001	0.71628	0.03114	0.18685000000000002	0.06228
9.81001	1.49708	0.06654	0.19962	0.29943000000000003
9.83001	0.76955	0.09617999999999999	0.22444000000000003	0.12824
9.85001	1.06824	0.06676	0.26704	0.13352
9.87001	0.84626	0.09401999999999999	0.25073	0.28207
9.89001	1.16288	0.171	0.1368	0.20520000000000002
9.91001	1.03286	0.09684000000000001	0.22596000000000002	0.09683
9.93001	1.03975	0.03249	0.16244999999999998	0.25992
9.95001	1.15228	0.06228	0.1557	0.12456
9.97001	1.04673	0.06542	0.2616800000000001	0.19626000000000005
9.99001	0.77362	0.06188	0.12376	0.24753
